{'TRADE TRACKER REPORT': '------------>'}

{'* BASELINE SCORES--->': {}}

{'Ticker': 'FCX',
 'dataset':                  high        low       open      close      volume  adj_close  MACD_12_26_9  ...  LRm_3_pct_delta  tr_pct_delta  M_ovr_S  sma5_ovr_sma20  sma20_ovr_sma50  sma50_ovr_sma180  Z_30_pct_delta
date                                                                                         ...                                                                                                           
2021-04-29  39.980000  37.639999  39.950001  38.400002  18860200.0  38.400002      1.159912  ...        -1.966659      0.813952        1               1                1                 1       -0.221497
2021-04-30  38.689999  37.450001  38.000000  37.709999  13692400.0  37.709999      1.111651  ...         4.655227     -0.398059        1               1                1                 1       -0.445747
2021-05-03  39.290001  38.209999  38.410000  38.709999  22861600.0  38.709999      1.140944  ...        -1.189023     -0.324786        1               1                1                 1       -0.023854
2021-05-04  39.279999  37.900002  38.910000  39.220001  26489200.0  39.220001      1.191575  ...         3.871013      0.112903        1               1                1                 1        0.381683
2021-05-05  41.740002  39.930000  39.930000  41.540001  18651500.0  41.540001      1.402736  ...         0.874171      0.594935        1               1                1                 1        0.535377

[5 rows x 41 columns]}

{'Results': {'CDL_DOJI_3_0.1': 0.0,
             'INC_2': 1.0,
             'LR_3': 41.23833465576172,
             'LRm_3': 1.4150009155273438,
             'LRm_3_pct_delta': 0.8741707466185662,
             'MACD_12_26_9': 1.402735908357009,
             'MACDh_12_26_9': 0.3224919778584767,
             'MACDs_12_26_9': 1.0802439304985323,
             'M_ovr_S': 1.0,
             'OBV': 1443248800.0,
             'PSL_3': 100.0,
             'ROC_2': 7.310777313321759,
             'RSI_14': 67.24878213917312,
             'SMA_180': 25.95283335579766,
             'SMA_20': 37.05750026702881,
             'SMA_5': 39.11600036621094,
             'SMA_50': 35.52500007629394,
             'TRUERANGE_1': 2.520000457763672,
             'Z_30': 2.147745839564467,
             'Z_30_pct_delta': 0.5353773624355946,
             'adj_close': 41.540000915527344,
             'close': 41.540000915527344,
             'dif_M20M50': 1.532500190734865,
             'dif_M50M180': 9.57216672049628,
             'dif_M5M20': 2.058500099182133,
             'high': 41.7400016784668,
             'low': 39.93000030517578,
             'macd_slope': 0.13089616055739128,
             'obv_pct_delta': 0.03228698839524635,
             'obv_pct_slope': 22.570349999999998,
             'open': 39.93000030517578,
             'ratio_M20M50': 1.4727082169039891,
             'ratio_M50M180': 0.9798166854555986,
             'ratio_M5M20': 0.9788401230462528,
             'ratio_MACDh_12_26_9': 1.7035015984492325,
             'sma20_ovr_sma50': 1.0,
             'sma50_ovr_sma180': 1.0,
             'sma5_ovr_sma20': 1.0,
             'sma_5_slope': 0.2720005035400419,
             'tr_pct_delta': 0.5949351502216385,
             'volume': 18651500.0},
 'Ticker': 'FCX'}

{'Results': {'CLOSE_ovr_SMA5': 1,
             'M_>_0': 1,
             'M_ovr_S': 1,
             'RSI14_>_50': 1,
             'SMA20_diverge_SMA50': 1,
             'SMA20_ovr_SMA50': 1,
             'SMA50_diverge_SMA180': 0,
             'SMA50_ovr_SMA180': 1,
             'SMA5_diverge_SMA20': 0,
             'SMA5_ovr_SMA20': 1},
 'Ticker': 'FCX'}

{'Score': {'80%'}, 'Ticker': 'FCX'}

