{'TRADE TRACKER REPORT': '------------>'}

{'* BASELINE SCORES--->': {}}

{'Ticker': 'FCX',
 'dataset':                  high        low   open      close      volume  adj_close  MACD_12_26_9  ...  LRm_3_pct_delta  tr_pct_delta  M_ovr_S  sma5_ovr_sma20  sma20_ovr_sma50  sma50_ovr_sma180  Z_30_pct_delta
date                                                                                     ...                                                                                                           
2021-04-30  38.689999  37.450001  38.00  37.709999  13692400.0  37.709999      1.111651  ...         4.655227     -0.398059        1               1                1                 1       -0.445747
2021-05-03  39.290001  38.209999  38.41  38.709999  22861600.0  38.709999      1.140944  ...        -1.189023     -0.324786        1               1                1                 1       -0.023854
2021-05-04  39.279999  37.900002  38.91  39.220001  26489200.0  39.220001      1.191575  ...         3.871013      0.112903        1               1                1                 1        0.381683
2021-05-05  41.740002  39.930000  39.93  41.540001  18680400.0  41.540001      1.402736  ...         0.874171      0.594935        1               1                1                 1        0.535377
2021-05-06  42.189999  40.730000  42.00  42.070000  25182200.0  42.070000      1.594469  ...         0.007066      0.057972        1               1                1                 1        0.425022

[5 rows x 41 columns]}

{'Results': {'CDL_DOJI_3_0.1': 1.0,
             'INC_2': 1.0,
             'LR_3': 42.368333180745445,
             'LRm_3': 1.4249992370605469,
             'LRm_3_pct_delta': 0.007065947041791754,
             'MACD_12_26_9': 1.5944686894578695,
             'MACDh_12_26_9': 0.4113798071674697,
             'MACDs_12_26_9': 1.1830888822903998,
             'M_ovr_S': 1.0,
             'OBV': 1519633000.0,
             'PSL_3': 100.0,
             'ROC_2': 7.266696546191489,
             'RSI_14': 68.48686846071985,
             'SMA_180': 26.10650002161662,
             'SMA_20': 37.442500305175784,
             'SMA_5': 39.85,
             'SMA_50': 35.60860008239746,
             'TRUERANGE_1': 1.4599990844726562,
             'Z_30': 2.121116012076466,
             'Z_30_pct_delta': 0.4250215121862455,
             'adj_close': 42.06999969482422,
             'close': 42.06999969482422,
             'dif_M20M50': 1.8339002227783254,
             'dif_M50M180': 9.50210006078084,
             'dif_M5M20': 2.4074996948242173,
             'high': 42.189998626708984,
             'low': 40.72999954223633,
             'macd_slope': 0.20144672505864136,
             'obv_pct_delta': 0.029721832068186238,
             'obv_pct_slope': 21.9313,
             'open': 42.0,
             'ratio_M20M50': 1.4930391334529618,
             'ratio_M50M180': 0.9845908228371861,
             'ratio_M5M20': 1.2046535305663533,
             'ratio_MACDh_12_26_9': 2.1431132310184973,
             'sma20_ovr_sma50': 1.0,
             'sma50_ovr_sma180': 1.0,
             'sma5_ovr_sma20': 1.0,
             'sma_5_slope': 0.5860000610351577,
             'tr_pct_delta': 0.057972456725214006,
             'volume': 25182200.0},
 'Ticker': 'FCX'}

{'Results': {'CLOSE_ovr_SMA5': 1,
             'M_>_0': 1,
             'M_ovr_S': 1,
             'RSI14_>_50': 1,
             'SMA20_diverge_SMA50': 1,
             'SMA20_ovr_SMA50': 1,
             'SMA50_diverge_SMA180': 0,
             'SMA50_ovr_SMA180': 1,
             'SMA5_diverge_SMA20': 1,
             'SMA5_ovr_SMA20': 1},
 'Ticker': 'FCX'}

{'Score': {'90%'}, 'Ticker': 'FCX'}

