{'TRADE TRACKER REPORT': '------------>'}

{'* BASELINE SCORES--->': {}}

{'Ticker': 'MRO',
 'dataset':              high    low   open  close      volume  adj_close  MACD_12_26_9  MACDh_12_26_9  ...  dif_M20M50  ratio_M20M50  ratio_MACDh_12_26_9  obv_pct_delta  obv_pct_slope  sma_5_slope  macd_slope  LRm_3_pct_delta
date                                                                                        ...                                                                                                                       
2021-03-31  11.00  10.63  11.00  10.68  18089400.0      10.68      0.091229      -0.180112  ...      1.4150      0.900242             0.798640      -0.002503      -0.800050        0.105   -0.023583        -1.594593
2021-04-01  11.91  10.88  10.97  11.79  52711000.0      11.79      0.151358      -0.095986  ...      1.3231      0.879311             0.504671       0.052794      17.310800        0.150    0.012592        -8.363599
2021-04-05  11.67  11.00  11.65  11.19  27964500.0      11.19      0.148880      -0.078772  ...      1.1748      0.830247             0.437348       0.038806      12.373250        0.136    0.028825        -3.318186
2021-04-06  11.60  11.08  11.28  11.14  23059200.0      11.14      0.141253      -0.069119  ...      1.0530      0.795858             0.720091      -0.073903     -25.511850        0.034   -0.005053        -1.802468
2021-04-07  11.19  10.78  11.13  10.94  18737403.0      10.94      0.117713      -0.074127  ...      0.9376      0.798093             0.941034      -0.063094     -20.898301        0.020   -0.015583        -1.490197

[5 rows x 35 columns]}

{'Results': {'CDL_DOJI_3_0.1': 0.0,
             'INC_2': 0.0,
             'LR_3': 10.964999834696451,
             'LRm_3': -0.125,
             'LRm_3_pct_delta': -1.4901967750802676,
             'MACD_12_26_9': 0.11771300140627794,
             'MACDh_12_26_9': -0.07412681094291382,
             'MACDs_12_26_9': 0.19183981234919176,
             'OBV': 620649097.0,
             'PSL_3': 0.0,
             'ROC_2': -2.234137706656076,
             'RSI_14': 49.99653191155589,
             'SMA_180': 6.906444438298544,
             'SMA_20': 11.223999977111816,
             'SMA_5': 11.147999954223632,
             'SMA_50': 10.286399974822999,
             'TRUERANGE_1': 0.4099998474121094,
             'Z_30': -0.6890234500017426,
             'adj_close': 10.9399995803833,
             'close': 10.9399995803833,
             'dif_M20M50': 0.9376000022888178,
             'dif_M50M180': 3.379955536524455,
             'dif_M5M20': -0.0760000228881843,
             'high': 11.1899995803833,
             'low': 10.779999732971191,
             'macd_slope': -0.015583270822488338,
             'obv_pct_delta': -0.0630943834339932,
             'obv_pct_slope': -20.8983015,
             'open': 11.130000114440918,
             'ratio_M20M50': 0.798093284575909,
             'ratio_M50M180': 1.0182701909862615,
             'ratio_M5M20': 0.3290041645809389,
             'ratio_MACDh_12_26_9': 0.9410337223800888,
             'sma_5_slope': 0.020000076293944957,
             'volume': 18737403.0},
 'Ticker': 'MRO'}

{'Results': {'CLOSE_ovr_SMA5': 0,
             'M_>_0': 1,
             'M_ovr_S': 0,
             'RSI14_>_50': 0,
             'SMA20_diverge_SMA50': 0,
             'SMA20_ovr_SMA50': 1,
             'SMA50_diverge_SMA180': 1,
             'SMA50_ovr_SMA180': 1,
             'SMA5_diverge_SMA20': 0,
             'SMA5_ovr_SMA20': 0},
 'Ticker': 'MRO'}

{'Score': {'40%'}, 'Ticker': 'MRO'}

